0.441035358052395 0.576441112573625 0.105263157894737
0.447741386915111 0.551378455505208 0.114035087719298
0.544586074342727 0.601503769642045 0.122807017543860
0.528756836600522 0.651629083778880 0.122807017543860
0.539807289276073 0.626566426710463 0.175438596491228
0.621804222234243 0.576441112573625 0.149122807017544
0.614860437405276 0.551378455505208 0.131578947368421
0.719163562144743 0.426065170163115 0.175438596491228
0.705448774502033 0.476190484299953 0.149122807017544
0.691588730827955 0.501253141368370 0.149122807017544
0.666650216011042 0.526315798436787 0.149122807017544
0.648188615489483 0.551378455505208 0.149122807017544
0.634388271216138 0.576441112573625 0.157894736842105
0.614075844549048 0.576441112573625 0.122807017543860
0.584493423251940 0.601503769642045 0.149122807017544
