0.441035358052395 0.504385957396344 0.105263157894737
0.447741386915111 0.482456133161721 0.114035087719298
0.544586074342727 0.526315781630969 0.122807017543860
0.528756836600522 0.570175430100214 0.122807017543860
0.539807289276073 0.548245605865591 0.175438596491228
0.621804222234243 0.504385957396344 0.149122807017544
0.614860437405276 0.482456133161721 0.131578947368421
0.719163562144743 0.372807011988603 0.175438596491228
0.705448774502033 0.416666660457850 0.149122807017544
0.691588730827955 0.438596484692473 0.149122807017544
0.666650216011042 0.460526308927096 0.149122807017544
0.648188615489483 0.482456133161721 0.149122807017544
0.634388271216138 0.504385957396344 0.157894736842105
0.614075844549048 0.504385957396344 0.122807017543860
0.584493423251940 0.526315781630969 0.149122807017544
