0.427078085598535 0.651629072681703 0.122807017543860
0.423129114809504 0.651629072681703 0.149122807017544
0.421221663800001 0.651629072681703 0.140350877192982
0.408656024250852 0.651629072681703 0.149122807017544
0.403179776870525 0.651629072681703 0.122807017543860
0.402899983547927 0.651629072681703 0.140350877192982
0.395843737929913 0.651629072681703 0.149122807017544
0.395843737929913 0.651629072681703 0.149122807017544
0.392534703209256 0.651629072681703 0.122807017543860
0.425172392561315 0.626566416040100 0.149122807017544
0.471915104465918 0.576441102756891 0.157894736842105
0.471915104465918 0.576441102756891 0.157894736842105
0.471915104465918 0.576441102756891 0.157894736842105
0.471915104465918 0.576441102756891 0.157894736842105
0.471915104465918 0.576441102756891 0.157894736842105
0.471915104465918 0.576441102756891 0.157894736842105
0.471915104465918 0.576441102756891 0.157894736842105
0.470114111038950 0.576441102756891 0.175438596491228
0.470114111038950 0.576441102756891 0.175438596491228
0.470114111038950 0.576441102756891 0.175438596491228
0.470114111038950 0.576441102756891 0.175438596491228
0.465746917160214 0.576441102756891 0.175438596491228
0.465746917160214 0.576441102756891 0.175438596491228
0.465746917160214 0.576441102756891 0.175438596491228
0.465746917160214 0.576441102756891 0.175438596491228
0.465746917160214 0.576441102756891 0.175438596491228
0.414338423940737 0.626566416040100 0.149122807017544
0.409732406355299 0.626566416040100 0.149122807017544
0.404798910005829 0.626566416040100 0.149122807017544
0.403261816218274 0.626566416040100 0.149122807017544
0.398581125767865 0.626566416040100 0.131578947368421
0.398457916283055 0.626566416040100 0.149122807017544
0.396750140598316 0.626566416040100 0.149122807017544
0.453398543977220 0.601503759398497 0.149122807017544
0.448146003883973 0.601503759398497 0.149122807017544
0.446549512377448 0.601503759398497 0.122807017543860
0.443154596364602 0.601503759398497 0.149122807017544
0.433478522506467 0.601503759398497 0.149122807017544
0.433130454649239 0.601503759398497 0.149122807017544
0.432659206957032 0.601503759398497 0.149122807017544
0.430815019620066 0.601503759398497 0.122807017543860
0.428114704174181 0.601503759398497 0.149122807017544
0.425465988920520 0.601503759398497 0.149122807017544
0.423059343183899 0.601503759398497 0.149122807017544
0.422227167120832 0.601503759398497 0.149122807017544
0.421023390512260 0.601503759398497 0.149122807017544
0.420859359094062 0.601503759398497 0.149122807017544
0.420536033700692 0.601503759398497 0.131578947368421
0.420024117631778 0.601503759398497 0.149122807017544
0.419217561735645 0.601503759398497 0.149122807017544
0.440507120690943 0.601503759398497 0.175438596491228
0.421083804144473 0.601503759398497 0.166666666666667
0.417845395072113 0.601503759398497 0.131578947368421
0.416286740136139 0.601503759398497 0.131578947368421
0.416083054617493 0.601503759398497 0.140350877192982
0.415149798135265 0.601503759398497 0.140350877192982
0.414983110884630 0.601503759398497 0.122807017543860
0.461101576441975 0.551378446115289 0.157894736842105
0.461101576441975 0.551378446115289 0.157894736842105
0.461101576441975 0.551378446115289 0.157894736842105
0.461101576441975 0.551378446115289 0.157894736842105
0.461101576441975 0.551378446115289 0.157894736842105
0.461101576441975 0.551378446115289 0.157894736842105
0.461101576441975 0.551378446115289 0.157894736842105
0.460030705925670 0.551378446115289 0.149122807017544
0.460030705925670 0.551378446115289 0.149122807017544
0.460030705925670 0.551378446115289 0.149122807017544
0.460030705925670 0.551378446115289 0.149122807017544
0.412290799849760 0.601503759398497 0.149122807017544
0.408720236018500 0.601503759398497 0.149122807017544
0.406141934768439 0.601503759398497 0.149122807017544
0.404552183572657 0.601503759398497 0.149122807017544
0.403616134103535 0.601503759398497 0.149122807017544
0.396296350452811 0.601503759398497 0.140350877192982
0.388169447710688 0.626566416040100 0.149122807017544
0.449597158203709 0.576441102756891 0.149122807017544
0.445565549809122 0.576441102756891 0.149122807017544
0.389194949926233 0.626566416040100 0.175438596491228
0.442299368819654 0.576441102756891 0.149122807017544
0.442258361086709 0.576441102756891 0.131578947368421
0.440138780577911 0.576441102756891 0.149122807017544
0.439919558690150 0.576441102756891 0.149122807017544
0.436128695515858 0.576441102756891 0.149122807017544
0.435625691242445 0.576441102756891 0.149122807017544
0.435154960397031 0.576441102756891 0.149122807017544
0.426719934806693 0.551378446115289 0.122807017543860
0.430540112307657 0.576441102756891 0.149122807017544
0.429572115079996 0.576441102756891 0.149122807017544
0.428734400990913 0.576441102756891 0.140350877192982
0.428616950555396 0.576441102756891 0.131578947368421
0.428247595548699 0.576441102756891 0.149122807017544
0.427483972640358 0.576441102756891 0.149122807017544
0.426486370020337 0.576441102756891 0.149122807017544
0.425503716284204 0.576441102756891 0.149122807017544
0.424792850698446 0.576441102756891 0.149122807017544
0.421761785859967 0.576441102756891 0.149122807017544
0.421709351545119 0.576441102756891 0.140350877192982
0.421014137615395 0.576441102756891 0.149122807017544
0.419957579024398 0.576441102756891 0.149122807017544
0.419839572668720 0.576441102756891 0.149122807017544
0.418929749035110 0.576441102756891 0.149122807017544
0.418332291964097 0.576441102756891 0.131578947368421
0.439375571461403 0.576441102756891 0.175438596491228
0.423058829000221 0.576441102756891 0.166666666666667
0.476606701095305 0.526315789473683 0.157894736842105
0.476606701095305 0.526315789473683 0.157894736842105
0.476606701095305 0.526315789473683 0.157894736842105
0.477749371862452 0.526315789473683 0.175438596491228
0.477749371862452 0.526315789473683 0.175438596491228
0.477749371862452 0.526315789473683 0.175438596491228
0.477749371862452 0.526315789473683 0.175438596491228
0.477749371862452 0.526315789473683 0.175438596491228
0.477749371862452 0.526315789473683 0.175438596491228
0.418191559754305 0.576441102756891 0.122807017543860
0.417619856739352 0.576441102756891 0.149122807017544
0.417400361307536 0.576441102756891 0.149122807017544
0.466304460114483 0.526315789473683 0.149122807017544
0.466304460114483 0.526315789473683 0.149122807017544
0.466304460114483 0.526315789473683 0.149122807017544
0.466304460114483 0.526315789473683 0.149122807017544
0.466304460114483 0.526315789473683 0.149122807017544
0.466304460114483 0.526315789473683 0.149122807017544
0.466304460114483 0.526315789473683 0.149122807017544
0.466304460114483 0.526315789473683 0.149122807017544
0.466304460114483 0.526315789473683 0.149122807017544
0.466304460114483 0.526315789473683 0.149122807017544
0.466304460114483 0.526315789473683 0.149122807017544
0.368264254641109 0.651629072681703 0.166666666666667
0.461101576441975 0.551378446115289 0.157894736842105
0.461101576441975 0.551378446115289 0.157894736842105
0.461101576441975 0.551378446115289 0.157894736842105
0.412468797329883 0.576441102756891 0.131578947368421
0.412398982694183 0.576441102756891 0.149122807017544
0.409995522567832 0.576441102756891 0.122807017543860
0.461528613658581 0.526315789473683 0.149122807017544
0.461528613658581 0.526315789473683 0.149122807017544
0.461528613658581 0.526315789473683 0.149122807017544
0.461528613658581 0.526315789473683 0.149122807017544
0.461528613658581 0.526315789473683 0.149122807017544
0.461528613658581 0.526315789473683 0.149122807017544
0.461528613658581 0.526315789473683 0.149122807017544
0.461528613658581 0.526315789473683 0.149122807017544
0.461528613658581 0.526315789473683 0.149122807017544
0.461528613658581 0.526315789473683 0.149122807017544
0.461528613658581 0.526315789473683 0.149122807017544
0.461528613658581 0.526315789473683 0.149122807017544
0.461528613658581 0.526315789473683 0.149122807017544
0.461528613658581 0.526315789473683 0.149122807017544
0.461528613658581 0.526315789473683 0.149122807017544
0.461528613658581 0.526315789473683 0.149122807017544
0.461528613658581 0.526315789473683 0.149122807017544
0.461528613658581 0.526315789473683 0.149122807017544
0.461528613658581 0.526315789473683 0.149122807017544
0.461528613658581 0.526315789473683 0.149122807017544
0.461528613658581 0.526315789473683 0.149122807017544
0.460030705925670 0.551378446115289 0.149122807017544
0.460030705925670 0.551378446115289 0.149122807017544
0.460030705925670 0.551378446115289 0.149122807017544
0.460030705925670 0.551378446115289 0.149122807017544
0.460030705925670 0.551378446115289 0.149122807017544
0.453907778231857 0.551378446115289 0.149122807017544
0.460255214740545 0.526315789473683 0.175438596491228
0.460255214740545 0.526315789473683 0.175438596491228
0.401168970282360 0.576441102756891 0.157894736842105
0.451239620806694 0.551378446115289 0.149122807017544
0.398828999332267 0.576441102756891 0.149122807017544
0.395302641873164 0.576441102756891 0.149122807017544
0.445404875257549 0.551378446115289 0.149122807017544
0.441731798432450 0.551378446115289 0.157894736842105
0.439530773284624 0.551378446115289 0.157894736842105
0.436622307990045 0.551378446115289 0.149122807017544
0.386326195955775 0.601503759398497 0.140350877192982
0.434171129500747 0.551378446115289 0.149122807017544
0.431856293999762 0.551378446115289 0.149122807017544
0.431846199729847 0.551378446115289 0.149122807017544
0.430355559111833 0.551378446115289 0.149122807017544
0.430203475102390 0.551378446115289 0.149122807017544
0.430137119121039 0.551378446115289 0.131578947368421
0.425434172193146 0.551378446115289 0.149122807017544
0.425181880187652 0.551378446115289 0.149122807017544
0.425198798196669 0.551378446115289 0.122807017543860
0.422978669063385 0.551378446115289 0.157894736842105
0.420814116098086 0.551378446115289 0.149122807017544
0.418751379877688 0.551378446115289 0.149122807017544
0.427533652534846 0.551378446115289 0.175438596491228
0.418607783616974 0.551378446115289 0.175438596491228
0.467548777275123 0.526315789473683 0.157894736842105
0.650177535532903 0.175438596491229 0.578947368421053
0.457791647387652 0.526315789473683 0.140350877192982
0.413761510005846 0.551378446115289 0.122807017543860
0.412719419251129 0.551378446115289 0.149122807017544
0.411878078199357 0.551378446115289 0.149122807017544
0.417561770758278 0.576441102756891 0.175438596491228
0.407184607080111 0.551378446115289 0.149122807017544
0.463353643307337 0.501253132832080 0.140350877192982
0.463353643307337 0.501253132832080 0.140350877192982
0.463353643307337 0.501253132832080 0.140350877192982
0.463353643307337 0.501253132832080 0.140350877192982
0.463353643307337 0.501253132832080 0.140350877192982
0.463353643307337 0.501253132832080 0.140350877192982
0.463353643307337 0.501253132832080 0.140350877192982
0.463353643307337 0.501253132832080 0.140350877192982
0.463353643307337 0.501253132832080 0.140350877192982
0.463353643307337 0.501253132832080 0.140350877192982
0.463353643307337 0.501253132832080 0.140350877192982
0.463353643307337 0.501253132832080 0.140350877192982
0.463353643307337 0.501253132832080 0.140350877192982
0.463353643307337 0.501253132832080 0.140350877192982
0.463353643307337 0.501253132832080 0.140350877192982
0.463353643307337 0.501253132832080 0.140350877192982
0.463353643307337 0.501253132832080 0.140350877192982
0.463353643307337 0.501253132832080 0.140350877192982
0.463353643307337 0.501253132832080 0.140350877192982
0.463353643307337 0.501253132832080 0.140350877192982
0.463353643307337 0.501253132832080 0.140350877192982
0.463353643307337 0.501253132832080 0.140350877192982
0.463353643307337 0.501253132832080 0.140350877192982
0.463353643307337 0.501253132832080 0.140350877192982
0.463353643307337 0.501253132832080 0.140350877192982
0.463353643307337 0.501253132832080 0.140350877192982
0.463353643307337 0.501253132832080 0.140350877192982
0.445775951388909 0.526315789473683 0.149122807017544
0.464306700652581 0.501253132832080 0.175438596491228
0.464306700652581 0.501253132832080 0.175438596491228
0.464306700652581 0.501253132832080 0.175438596491228
0.464306700652581 0.501253132832080 0.175438596491228
0.464306700652581 0.501253132832080 0.175438596491228
0.464306700652581 0.501253132832080 0.175438596491228
0.464306700652581 0.501253132832080 0.175438596491228
0.464306700652581 0.501253132832080 0.175438596491228
0.464306700652581 0.501253132832080 0.175438596491228
0.441777923457004 0.526315789473683 0.149122807017544
0.441762911752535 0.526315789473683 0.149122807017544
0.441336336464706 0.526315789473683 0.122807017543860
0.396801152906038 0.551378446115289 0.149122807017544
0.439836487943900 0.526315789473683 0.149122807017544
0.404031116004261 0.576441102756891 0.175438596491228
0.439651689322056 0.526315789473683 0.149122807017544
0.760074367707731 0.300751879699249 0.368421052631579
0.439283472575280 0.526315789473683 0.149122807017544
0.438985898630329 0.526315789473683 0.149122807017544
0.393423041904553 0.551378446115289 0.122807017543860
0.392185797123647 0.551378446115289 0.149122807017544
0.436479194603828 0.526315789473683 0.149122807017544
0.401327493950101 0.576441102756891 0.184210526315789
0.435433562109050 0.526315789473683 0.149122807017544
0.433852106023513 0.526315789473683 0.149122807017544
0.432216621158719 0.526315789473683 0.149122807017544
0.398640621111500 0.576441102756891 0.175438596491228
0.432278838195589 0.526315789473683 0.131578947368421
0.396487509835711 0.576441102756891 0.175438596491228
0.456998097066607 0.526315789473683 0.175438596491228
0.425460582119719 0.526315789473683 0.149122807017544
0.404611671276151 0.576441102756891 0.201754385964912
0.713675673951356 0.325814536340851 0.333333333333333
0.434401566849233 0.526315789473683 0.175438596491228
0.679228374270264 0.350877192982457 0.228070175438596
0.678878115333672 0.350877192982457 0.280701754385965
0.751010687101337 0.300751879699249 0.412280701754386
0.420106057047772 0.526315789473683 0.175438596491228
0.716867886931136 0.300751879699249 0.254385964912281
0.715208114984208 0.300751879699249 0.280701754385965
0.463353643307337 0.501253132832080 0.140350877192982
0.463353643307337 0.501253132832080 0.140350877192982
0.463353643307337 0.501253132832080 0.140350877192982
0.463353643307337 0.501253132832080 0.140350877192982
0.463353643307337 0.501253132832080 0.140350877192982
0.463353643307337 0.501253132832080 0.140350877192982
0.463353643307337 0.501253132832080 0.140350877192982
0.654846522215450 0.225563909774437 0.526315789473684
0.448336497171798 0.501253132832080 0.157894736842105
0.408828487786463 0.526315789473683 0.149122807017544
0.407760982913032 0.526315789473683 0.149122807017544
0.445722837171567 0.501253132832080 0.149122807017544
0.406991097998535 0.526315789473683 0.149122807017544
0.444739437146475 0.501253132832080 0.149122807017544
0.362550848138927 0.601503759398497 0.149122807017544
0.427668289475025 0.551378446115289 0.201754385964912
0.443885891503756 0.501253132832080 0.149122807017544
0.702319746029469 0.300751879699249 0.289473684210526
0.418658993055991 0.551378446115289 0.201754385964912
0.382171604792405 0.576441102756891 0.149122807017544
0.403662926363748 0.551378446115289 0.175438596491228
0.402587302281714 0.551378446115289 0.175438596491228
0.400121175929513 0.551378446115289 0.184210526315789
0.696718433589147 0.300751879699249 0.280701754385965
0.677097487919972 0.325814536340851 0.298245614035088
0.694845758053380 0.300751879699249 0.236842105263158
0.403349168732610 0.551378446115289 0.201754385964912
0.401211621601779 0.551378446115289 0.201754385964912
0.708562966812812 0.275689223057643 0.263157894736842
0.686961313211048 0.300751879699249 0.289473684210526
0.704462641348992 0.275689223057643 0.236842105263158
0.704192403000958 0.275689223057643 0.280701754385965
0.701201806606301 0.275689223057643 0.254385964912281
0.679542606702882 0.300751879699249 0.307017543859649
0.697965731144896 0.275689223057643 0.324561403508772
0.414228273299151 0.576441102756891 0.228070175438596
0.701108715969893 0.275689223057643 0.342105263157895
0.673389472657185 0.150375939849623 0.473684210526316
0.665437791539208 0.225563909774437 0.473684210526316
0.715566164222543 0.250626566416040 0.333333333333333
0.718123908231633 0.275689223057643 0.412280701754386
0.694076515148374 0.275689223057643 0.307017543859649
0.691938652906296 0.275689223057643 0.280701754385965
0.712743273981274 0.250626566416040 0.333333333333333
0.689961253973656 0.275689223057643 0.307017543859649
0.414478343624396 0.526315789473683 0.175438596491228
0.413813432255659 0.526315789473683 0.184210526315789
0.414774713630259 0.526315789473683 0.201754385964912
0.664158924472235 0.350877192982457 0.228070175438596
0.683862175789971 0.200501253132831 0.491228070175439
0.404813954012531 0.526315789473683 0.192982456140351
0.366894238839617 0.576441102756891 0.131578947368421
0.399562294582608 0.526315789473683 0.201754385964912
0.402285162267954 0.526315789473683 0.192982456140351
0.384384559767546 0.526315789473683 0.289473684210526
0.683877539336627 0.275689223057643 0.315789473684211
0.397089947354458 0.526315789473683 0.201754385964912
0.681424427032786 0.250626566416040 0.491228070175439
0.395741469127084 0.526315789473683 0.192982456140351
0.392709249376071 0.526315789473683 0.175438596491228
0.700772774942982 0.250626566416040 0.289473684210526
0.710903681974813 0.250626566416040 0.385964912280702
0.681330838841393 0.275689223057643 0.333333333333333
0.383010462002519 0.551378446115289 0.149122807017544
0.678182307488232 0.275689223057643 0.254385964912281
0.386603963962212 0.526315789473683 0.157894736842105
0.684723089227982 0.250626566416040 0.473684210526316
0.379911891649154 0.551378446115289 0.149122807017544
0.382170009891176 0.551378446115289 0.175438596491228
0.383903683557341 0.501253132832080 0.236842105263158
0.724741883259796 0.225563909774437 0.359649122807018
0.678765851409840 0.275689223057643 0.342105263157895
0.460443420858251 0.501253132832080 0.201754385964912
0.418489807008229 0.476190476190477 0.254385964912281
0.674663718410127 0.275689223057643 0.315789473684211
0.376543718022428 0.551378446115289 0.149122807017544
0.659513971327945 0.350877192982457 0.280701754385965
0.674625409796647 0.275689223057643 0.280701754385965
0.702303306815871 0.250626566416040 0.359649122807018
0.386328466165775 0.526315789473683 0.131578947368421
0.700203343312659 0.250626566416040 0.359649122807018
0.399459743994545 0.476190476190477 0.228070175438596
0.698197305771222 0.250626566416040 0.385964912280702
0.442980028867547 0.501253132832080 0.184210526315789
0.408594121917607 0.501253132832080 0.201754385964912
0.697104204383133 0.250626566416040 0.385964912280702
0.709980899927566 0.225563909774437 0.315789473684211
0.689201844352679 0.250626566416040 0.456140350877193
0.676146766722806 0.275689223057643 0.359649122807018
0.728611441103468 0.200501253132831 0.324561403508772
0.688005759675842 0.250626566416040 0.307017543859649
0.672737517941941 0.200501253132831 0.421052631578947
0.671764528770800 0.275689223057643 0.307017543859649
0.411822619662467 0.526315789473683 0.228070175438596
0.387377382343299 0.501253132832080 0.184210526315789
0.667836858506027 0.125313283208020 0.412280701754386
0.395540614373702 0.476190476190477 0.201754385964912
0.400011512633621 0.501253132832080 0.175438596491228
0.383734508489324 0.426065162907269 0.201754385964912
0.671234982369698 0.175438596491229 0.412280701754386
0.688953046164522 0.250626566416040 0.412280701754386
0.680602518356560 0.250626566416040 0.412280701754386
0.685327474064101 0.250626566416040 0.342105263157895
0.657927631006415 0.275689223057643 0.412280701754386
0.671106954963462 0.275689223057643 0.307017543859649
0.359269020733663 0.501253132832080 0.184210526315789
0.675766852119665 0.250626566416040 0.385964912280702
0.709506250102415 0.225563909774437 0.368421052631579
0.378147765562006 0.501253132832080 0.184210526315789
0.374793814184335 0.476190476190477 0.184210526315789
0.681336463653291 0.250626566416040 0.254385964912281
0.407409280740515 0.476190476190477 0.149122807017544
0.680029940538840 0.250626566416040 0.307017543859649
0.660504917078164 0.250626566416040 0.394736842105263
0.671974526019425 0.250626566416040 0.385964912280702
0.650958888002193 0.275689223057643 0.394736842105263
0.362294791341519 0.501253132832080 0.175438596491228
0.374200301819833 0.551378446115289 0.175438596491228
0.704704704226704 0.225563909774437 0.385964912280702
0.671604710559590 0.225563909774437 0.394736842105263
0.700863411638674 0.250626566416040 0.438596491228070
0.404151348461477 0.476190476190477 0.175438596491228
0.696062616794020 0.225563909774437 0.333333333333333
0.731228176308440 0.250626566416040 0.438596491228070
0.675405115824038 0.250626566416040 0.359649122807018
0.675230511526367 0.250626566416040 0.307017543859649
0.374829124521218 0.551378446115289 0.201754385964912
1.000000000000000 0.000000000000000 1.000000000000000
0.651278203829324 0.275689223057643 0.385964912280702
0.692251514160542 0.225563909774437 0.394736842105263
0.692251514160542 0.225563909774437 0.394736842105263
0.383594113215996 0.526315789473683 0.149122807017544
0.671736893186299 0.150375939849623 0.385964912280702
0.417206075083475 0.476190476190477 0.166666666666667
0.692845156942541 0.225563909774437 0.359649122807018
0.692845156942541 0.225563909774437 0.359649122807018
0.418261632919521 0.375939849624060 0.175438596491228
0.694589183169835 0.175438596491229 0.421052631578947
0.677306953487473 0.200501253132831 0.385964912280702
0.376086941453823 0.576441102756891 0.201754385964912
0.661169551772672 0.350877192982457 0.385964912280702
0.365892805404916 0.526315789473683 0.157894736842105
0.684132385723133 0.175438596491229 0.403508771929825
0.371498302081099 0.576441102756891 0.192982456140351
0.389785083047263 0.401002506265663 0.157894736842105
0.349088034044807 0.551378446115289 0.175438596491228
0.723614160841943 0.300751879699249 0.500000000000000
0.380809638344233 0.501253132832080 0.149122807017544
0.365428871176363 0.501253132832080 0.149122807017544
0.370594464009786 0.501253132832080 0.149122807017544
0.707954556135828 0.225563909774437 0.438596491228070
0.658986429286684 0.250626566416040 0.359649122807018
0.360027882980487 0.551378446115289 0.149122807017544
0.679901284138852 0.225563909774437 0.333333333333333
0.365177935434877 0.526315789473683 0.149122807017544
0.730324853657604 0.175438596491229 0.359649122807018
0.707486277850483 0.225563909774437 0.421052631578947
0.669337236853507 0.250626566416040 0.333333333333333
0.359180246926158 0.526315789473683 0.149122807017544
0.677820911948201 0.225563909774437 0.315789473684211
0.676973291210480 0.200501253132831 0.359649122807018
0.653966139633860 0.300751879699249 0.385964912280702
0.714765384663897 0.225563909774437 0.421052631578947
0.670098742008126 0.250626566416040 0.315789473684211
0.663486196951673 0.300751879699249 0.263157894736842
0.655437318672977 0.225563909774437 0.342105263157895
0.666980823130886 0.300751879699249 0.342105263157895
0.687302870877126 0.200501253132831 0.359649122807018
0.665709122823342 0.300751879699249 0.324561403508772
0.658793868983482 0.275689223057643 0.333333333333333
0.656872315918973 0.300751879699249 0.254385964912281
0.674493495045409 0.225563909774437 0.280701754385965
0.674089947441181 0.200501253132831 0.333333333333333
0.654765236253194 0.275689223057643 0.333333333333333
0.653859534211492 0.275689223057643 0.333333333333333
0.675763762089317 0.200501253132831 0.333333333333333
0.655698997362680 0.300751879699249 0.333333333333333
0.666461660224624 0.250626566416040 0.333333333333333
0.712373343316249 0.175438596491229 0.307017543859649
0.670827983384499 0.150375939849623 0.342105263157895
0.733160472653470 0.200501253132831 0.447368421052632
0.673502854799587 0.175438596491229 0.333333333333333
0.658043808780854 0.275689223057643 0.307017543859649
0.652080720662444 0.325814536340851 0.280701754385965
0.703078521563607 0.150375939849623 0.385964912280702
0.667294146585291 0.200501253132831 0.333333333333333
0.658883688800369 0.250626566416040 0.315789473684211
0.650339897086587 0.275689223057643 0.315789473684211
0.651173092908401 0.275689223057643 0.315789473684211
0.654902205967674 0.225563909774437 0.315789473684211
0.659781865377627 0.275689223057643 0.289473684210526
0.657185447604748 0.275689223057643 0.298245614035088
0.662566932792038 0.275689223057643 0.254385964912281
0.650312374899916 0.300751879699249 0.324561403508772
0.652413108375096 0.275689223057643 0.307017543859649
0.650784644949410 0.275689223057643 0.307017543859649
0.651471995678721 0.250626566416040 0.307017543859649
0.650367390321993 0.325814536340851 0.280701754385965
0.651138398944377 0.275689223057643 0.289473684210526
0.655024979876743 0.250626566416040 0.280701754385965
0.663932982084454 0.250626566416040 0.263157894736842
0.653401931385443 0.225563909774437 0.254385964912281
