0.511680405481768 0.301381692573402 0.003454231433506
1 0 1.000000000000000
1 0 1.000000000000000
0.629495218917749 0.26482440990213 0.003166378814047
1 0 1.000000000000000
0.970803947466832 0.0253310305123777 0.109671848013817
0.976496733800843 0.0218767990788716 0.109671848013817
0.976420545509589 0.0198618307426598 0.066206102475533
0.802009450824644 0.158031088082902 0.008347725964306
0.518918637064056 0.296776050662061 0.003454231433506
0.70081120193232 0.225388601036269 0.004029936672424
0.618590755952469 0.271445020149683 0.003454231433506
0.973392848686778 0.0227403569372481 0.068221070811744
0.800192768623301 0.16839378238342 0.004893494530800
0.693692184873009 0.23258491652274 0.003454231433506
0.598595722850074 0.279504893494531 0.003454231433506
0.718729104468974 0.217040875071963 0.004317789291883
0.843303594609117 0.127806563039724 0.014392630972942
0.967440065219705 0.026482440990213 0.053252734599885
0.959885123400667 0.035405872193437 0.040299366724237
0.932041912835566 0.0598733448474381 0.026770293609672
0.602957972483062 0.274035693724813 0.004317789291883
0.583621187245578 0.281807714450201 0.004029936672424
0.654744960245986 0.245538284398388 0.003454231433506
0.763528306438064 0.183362118595279 0.006620610247553
0.936669122487714 0.0541162924582614 0.023028209556707
0.742110846635976 0.198330454807139 0.004893494530800
0.814376328162689 0.156303972366149 0.004893494530800
0.924048759216839 0.0673575129533679 0.021301093839954
0.901678535300961 0.0814622913068509 0.022164651698330
0.954129125769105 0.0391479562464018 0.030800230282096
0.72612041836089 0.210132412204951 0.004029936672424
0.766191382731024 0.180195739781232 0.006044905008636
0.737538504843712 0.201784686240645 0.004893494530800
0.623076940300916 0.269430051813472 0.004029936672424
0.762215910259465 0.191997697179044 0.005757052389177
0.777606731463892 0.178756476683938 0.004029936672424
0.706794147567416 0.222222222222222 0.004893494530800
0.941967390778563 0.0521013241220495 0.023891767415083
0.928671953340151 0.0630397236614853 0.021301093839954
0.731654382126424 0.205238917674151 0.005757052389177
0.964698969353324 0.0310880829015544 0.035405872193437
0.711892168961574 0.219343696027634 0.004029936672424
0.836481273177751 0.133275762809442 0.007772020725389
0.873232127730228 0.105641911341393 0.012665515256189
0.560057586794058 0.287276914219919 0.003742084052965
0.879443342775136 0.103051237766264 0.010074841681059
0.558944352998461 0.287852619458837 0.003454231433506
0.652294444480652 0.248992515831894 0.003454231433506
0.849942590062311 0.124064478986759 0.010362694300518
0.909523524826387 0.0782959124928037 0.015256188831318
0.781938056459452 0.177029360967185 0.004317789291883
0.788455928420099 0.173575129533679 0.004317789291883
0.8223349648042 0.150834772596431 0.005757052389177
0.823415945003042 0.145653425446172 0.008635578583765
0.669651139921167 0.245250431778929 0.004029936672424
0.572266443378192 0.283822682786413 0.003454231433506
0.862229065927958 0.109959700633276 0.009211283822683
0.868043742505034 0.11139896373057 0.010650546919977
0.854491821660971 0.115716753022453 0.008347725964306
0.950883470560869 0.0423143350604491 0.030800230282096
0.544011359402094 0.290731145653425 0.004317789291883
0.94669674103429 0.0486470926885435 0.026482440990213
0.815569372663218 0.152274035693725 0.007484168105930
0.533338843348773 0.289867587795049 0.004029936672424
0.531416243629706 0.294185377086931 0.003454231433506
0.633861984775606 0.261370178468624 0.003454231433506
0.638577396729562 0.2573402417962 0.004605641911341
0.544552836010739 0.290443293033967 0.004605641911341
0.918376452653024 0.0705238917674151 0.020437535981577
0.684292491646501 0.240356937248129 0.003166378814047
0.828421443709835 0.14363845710996 0.005757052389177
0.759573948545641 0.193724812895797 0.004893494530800
0.690892292170019 0.23517559009787 0.003454231433506
0.68767656983542 0.238341968911917 0.003742084052965
0.580251604030498 0.280656303972366 0.003742084052965
0.753534615188728 0.197466896948762 0.004029936672424
0.894052746693871 0.0903857225100748 0.011226252158895
0.641416975919649 0.25503742084053 0.004893494530800
0.512189701778402 0.300805987334485 0.003742084052965
0.962543630351152 0.0345423143350604 0.035405872193437
0.915862608168573 0.0710995970063328 0.018134715025907
0.635337485127093 0.250143926309729 0.004317789291883
0.88172251238433 0.09902130109384 0.011801957397812
0.794124889437427 0.169545192861255 0.004893494530800
0.601902409973891 0.276050662061025 0.004029936672424
0.829978060257923 0.140184225676454 0.006044905008636
0.845507948748707 0.118595279217041 0.008059873344847
0.729862004408757 0.212435233160622 0.005469199769718
0.641671939008642 0.249568221070812 0.006620610247553
0.899952603652873 0.0860679332181923 0.012089810017271
0.675997311460758 0.240644789867588 0.004317789291883
0.913440900545254 0.0748416810592976 0.015256188831318
0.974941649954813 0.0213010938399539 0.059297639608520
0.870237396970124 0.109096142774899 0.009211283822683
0.792444162786968 0.171848013816926 0.004317789291883
0.63081007263729 0.265112262521589 0.004893494530800
0.75472665095362 0.196891191709845 0.004317789291883
0.853297229960476 0.120610247553253 0.016407599309154
0.884408120979073 0.0978698906160046 0.011801957397812
