1.000000000000000 0.000000000000000 1.000000000000000
0.620222212111623 0.526315781630969 0.149122807017544
0.635297800072791 0.482456133161721 0.201754385964912
0.607972402311262 0.548245605865591 0.122807017543860
0.689450484381441 0.285087715050107 0.254385964912281
0.681511076204689 0.438596484692473 0.175438596491228
0.667574923637352 0.460526308927096 0.157894736842105
0.590927267251397 0.570175430100214 0.122807017543860
0.633528617272084 0.394736836223225 0.122807017543860
0.627576927188520 0.504385957396344 0.131578947368421
0.645410265522722 0.460526308927096 0.149122807017544
0.628540998695742 0.482456133161721 0.122807017543860
0.614983692735015 0.504385957396344 0.122807017543860
0.631859015584566 0.460526308927096 0.122807017543860
