1.000000000000000 0.000000000000000 1.000000000000000
0.773081899988411 0.087719296938496 0.631578947368421
0.470112513395857 0.526315781630969 0.114035087719298
0.401134088370340 0.548245605865591 0.114035087719298
0.590686129772317 0.526315781630969 0.149122807017544
0.653348373912479 0.504385957396344 0.122807017543860
0.585453734026767 0.570175430100214 0.122807017543860
0.690254085951695 0.241228066580859 0.298245614035088
0.685162340893766 0.394736836223225 0.236842105263158
0.685937171693475 0.328947363519355 0.201754385964912
0.685162340893766 0.350877187753977 0.219298245614035
0.684411115779204 0.460526308927096 0.149122807017544
0.661854438093348 0.482456133161721 0.149122807017544
0.655182316695230 0.438596484692473 0.131578947368421
