1.000000000000000 0.000000000000000 1.000000000000000
0.445856386240571 0.570175430100214 0.149122807017544
0.532752450597216 0.526315781630969 0.114035087719298
0.666372729233407 0.482456133161721 0.122807017543860
0.696553684410843 0.350877187753977 0.175438596491228
0.634015965375418 0.548245605865591 0.122807017543860
0.689146798582878 0.438596484692473 0.201754385964912
0.693359808014162 0.394736836223225 0.175438596491228
0.670513217589468 0.504385957396344 0.149122807017544
0.680228543353715 0.438596484692473 0.149122807017544
