1.000000000000000 0.000000000000000 1.000000000000000
0.472365583025732 0.570175430100214 0.157894736842105
0.443660094481859 0.570175430100214 0.122807017543860
0.511968768562652 0.548245605865591 0.122807017543860
0.571551797291111 0.482456133161721 0.122807017543860
0.556740844560350 0.504385957396344 0.131578947368421
0.534803967447500 0.526315781630969 0.122807017543860
0.599463766400704 0.416666660457850 0.131578947368421
0.591647523822885 0.460526308927096 0.122807017543860
0.541132264115416 0.504385957396344 0.122807017543860
0.704913970661440 0.416666660457850 0.149122807017544
0.706737891836938 0.438596484692473 0.184210526315789
0.608564541499618 0.548245605865591 0.149122807017544
0.662501119713872 0.482456133161721 0.149122807017544
0.640095680680101 0.504385957396344 0.149122807017544
0.578653328107179 0.504385957396344 0.140350877192982
