0.424275789208151 0.504385957396344 0.105263157894737
0.492416923743513 0.570175430100214 0.175438596491228
0.485584456946381 0.570175430100214 0.122807017543860
0.712476278971340 0.285087715050107 0.184210526315789
0.712476278971340 0.307017539284732 0.236842105263158
0.706835035093703 0.350877187753977 0.149122807017544
0.681745157486934 0.460526308927096 0.149122807017544
0.710962656831526 0.416666660457850 0.157894736842105
0.694672613771704 0.416666660457850 0.149122807017544
0.680677639538823 0.460526308927096 0.131578947368421
0.669100508847243 0.482456133161721 0.131578947368421
0.684257663734850 0.438596484692473 0.149122807017544
0.638601132335132 0.526315781630969 0.122807017543860
0.608208495831393 0.548245605865591 0.122807017543860
