0.467209416291843 0.626566416040100 0.122807017543860
0.467209416291843 0.626566416040100 0.131578947368421
0.466767574998690 0.626566416040100 0.122807017543860
0.463897358081520 0.626566416040100 0.122807017543860
0.458994384127926 0.626566416040100 0.122807017543860
0.467209416291843 0.601503759398497 0.122807017543860
0.467209416291843 0.601503759398497 0.131578947368421
0.463897358081520 0.601503759398497 0.122807017543860
0.467209416291843 0.576441102756891 0.122807017543860
0.467209416291843 0.576441102756891 0.131578947368421
0.458994384127926 0.601503759398497 0.122807017543860
0.467209416291843 0.601503759398497 0.184210526315789
0.455296408721703 0.626566416040100 0.122807017543860
0.454771017723174 0.626566416040100 0.131578947368421
0.467209416291843 0.551378446115289 0.122807017543860
0.460419117136415 0.576441102756891 0.122807017543860
0.468240807251308 0.551378446115289 0.149122807017544
0.457345773965995 0.601503759398497 0.157894736842105
0.458994384127926 0.576441102756891 0.122807017543860
0.458994384127926 0.576441102756891 0.131578947368421
0.455296408721703 0.601503759398497 0.122807017543860
0.455296408721703 0.601503759398497 0.140350877192982
0.458107683849479 0.576441102756891 0.140350877192982
0.454771017723174 0.601503759398497 0.131578947368421
0.453661080900568 0.601503759398497 0.122807017543860
0.458107683849479 0.576441102756891 0.149122807017544
0.458994384127926 0.551378446115289 0.122807017543860
0.455296408721703 0.576441102756891 0.122807017543860
0.466868540114780 0.526315789473683 0.175438596491228
0.454771017723174 0.576441102756891 0.131578947368421
0.458107683849479 0.551378446115289 0.140350877192982
0.458107683849479 0.551378446115289 0.149122807017544
0.452031626828998 0.576441102756891 0.122807017543860
0.451527262190557 0.526315789473683 0.184210526315789
0.455296408721703 0.551378446115289 0.122807017543860
0.458107683849479 0.526315789473683 0.140350877192982
0.458107683849479 0.526315789473683 0.149122807017544
0.458107683849479 0.501253132832080 0.149122807017544
0.466868540114780 0.501253132832080 0.175438596491228
0.458107683849479 0.501253132832080 0.140350877192982
