0.490455151706867 0.228070175438596 11
0.529595624506632 0.228070175438596 17
1 0 114
1 0 114
1 0 114
0.888161370326562 0.043859649122807 60
1 0 114
0.89986175227615 0.0263157894736842 60
0.849845920007957 0.0701754385964912 42
0.866257059057269 0.0526315789473684 59
1 0 114
0.784592713768037 0.114035087719298 30
0.747265556954987 0.131578947368421 20
0.563261133146833 0.210526315789474 11
0.68770969517411 0.166666666666667 17
0.863415754760179 0.0614035087719298 35
0.563786938734301 0.219298245614035 14
0.63437512433352 0.184210526315789 17
0.591032815320469 0.201754385964912 14
0.777649862779234 0.114035087719298 23
0.665836904178267 0.175438596491228 15
1 0 114
0.52664601455749 0.219298245614035 11
0.81854642462694 0.0964912280701754 26
0.897129334982782 0.0350877192982456 60
0.695631475924958 0.149122807017544 18
0.611891106727932 0.184210526315789 15
0.721012227981357 0.157894736842105 23
0.623925377061057 0.192982456140351 17
0.81854642462694 0.0964912280701754 26
0.844852991083535 0.0789473684210526 38
0.866257059057269 0.0526315789473684 59
0.888161370326562 0.043859649122807 60
0.668954307878429 0.175438596491228 17
0.751680579777622 0.140350877192982 25
0.846361606346329 0.0701754385964912 32
0.706201545334929 0.157894736842105 20
0.730220199903674 0.149122807017544 20
0.563786938734301 0.192982456140351 11
0.751656394140523 0.140350877192982 23
0.529595624506632 0.228070175438596 17
0.829514416407756 0.0789473684210526 35
0.75690334107523 0.140350877192982 26
0.822830714103045 0.087719298245614 27
0.888161370326562 0.043859649122807 60
0.608939384641359 0.201754385964912 17
0.842465679383882 0.0701754385964912 31
0.82558356787332 0.0789473684210526 27
0.604885170040141 0.192982456140351 14
0.821319987446591 0.087719298245614 26
0.745803173502018 0.140350877192982 20
0.82558356787332 0.0789473684210526 27
0.844852991083535 0.0789473684210526 38
0.738686148730596 0.149122807017544 23
0.751656394140523 0.140350877192982 23
0.855620186830863 0.0701754385964912 59
0.701233501982635 0.140350877192982 17
0.689558344690819 0.149122807017544 17
0.778956507865254 0.114035087719298 26
0.821319987446591 0.0964912280701754 32
0.855620186830863 0.0701754385964912 59
0.81854642462694 0.0964912280701754 26
0.52664601455749 0.228070175438596 14
0.777649862779234 0.114035087719298 23
1 0 114
1 0 114
1 0 114
1 0 114
1 0 114
1 0 114
1 0 114
1 0 114
1 0 114
1 0 114
1 0 114
1 0 114
0.821319987446591 0.087719298245614 26
0.821319987446591 0.087719298245614 26
1 0 114
1 0 114
1 0 114
1 0 114
1 0 114
1 0 114
1 0 114
1 0 114
1 0 114
1 0 114
1 0 114
1 0 114
1 0 114
1 0 114
1 0 114
1 0 114
1 0 114
1 0 114
1 0 114
1 0 114
1 0 114
1 0 114
